$ANSIBLE_VAULT;1.1;AES256
62656434663366333261316162333334383734343139356633313136363961656534373738353261
6163343632656330346462666666336634626438633764310a316564393530336134303566656637
39313637343634393163643865303266313861613764666164366335646532656536386538323236
3030343437626534370a373365303461663932366338353362326562623233366336643266376464
61626638643839343234613161353636633364636137396633646138666631326166346132333837
39633132346565306165323564336131316162653437633763313264363338363632393531363733
30623531623636313937626233666538663833373563326139306331363438316562383233356332
66356538393535383337613231306662303532303866376632613635353339343531373738663438
35643534363031353134313131653366636439303563373638646231653763363032323835373734
62363963636331303664633532623535663930626365346661656533333036313537316230613833
323664653332643732366334663531366536
